2.182168536067009
2.1815119739770887
2.187532606005669
2.1957439279556272
2.1874900809526445
2.2970469620227814
2.188155797958374
2.180524805903435
2.182985867977142
2.2216077439785002
2.1957125289440156
2.1815765290260316
2.1911743849515917
2.1838514050245283
2.2092779589891434
2.179288925886154
2.190212700009346
2.1942978179454804
2.182989251971245
2.195913321018219
2.2116746219396592
2.2078591409921646
2.188931135058403
2.2353192189931868
2.187483586907387
2.1986556240320208
2.222571431040764
2.198831050992012
