2.182168536067009
2.1815119739770887
2.187532606005669
2.1957439279556272
2.1874900809526445
2.2970469620227814
2.188155797958374
2.180524805903435
2.182985867977142
2.2216077439785002
2.1957125289440156
2.1815765290260316
2.1911743849515917
2.1838514050245283
2.2092779589891434
2.179288925886154
2.190212700009346
2.1942978179454804
2.182989251971245
2.195913321018219
2.2116746219396592
2.2078591409921646
2.188931135058403
2.2353192189931868
2.187483586907387
2.1986556240320208
2.222571431040764
2.198831050992012
2.1971012189388275
2.1984783859252928
2.188291496992111
2.1922193590402603
2.237342046022415
2.195246670007706
2.1943522970676423
2.1784245170354843
2.1980398379862307
2.1943061400055885
2.1818715190291407
2.1947015979886055
2.1901494399905204
2.181565457999706
2.17901578399539
2.184161312997341
2.2009685379862787
2.1865692900121214
2.191355888992548
2.1805285670161245
2.204677370995283
2.204590865015984
2.2095203520059585
2.183389436006546
2.1931841809749604
2.188113366007805
