2.190540135025978
2.181793190002441
2.181680276989937
2.1914932179450988
2.185585928916931
2.19867052090168
2.1716724129915237
2.2013924330472947
2.1799816609621048
2.1829747120141985
2.1862073580026626
2.1810663590431214
2.20466621696949
2.1813363770246506
2.1823672029972077
2.1887661130428313
2.1790633651018143
2.217444571018219
2.188767864942551
2.183508080005646
2.188579451084137
2.188124100923538
2.1884905920028688
2.1836589440107343
2.2031672719717026
2.1827934529781343
2.1881036759614942
2.198916643023491
2.2288445719480516
2.1769001389741898
2.182212818980217
2.1874049760103227
2.1924464449882506
2.206082701921463
2.204624637007713
2.255143514990807
2.216977671980858
2.181967782974243
2.1978844619989397
2.182469347953796
2.1811156859397887
2.1876263060569765
2.1818523069620133
2.195017035007477
2.179176414012909
2.2001956149339676
2.1800621680021286
2.201412145972252
2.207698727965355
2.1931953949928285
2.1798377670049667
2.1894103959798814
2.198338346004486
2.1835736449956893
2.2127191599607468
2.1946106699705124
2.224946261048317
2.1957944790124895
2.1769268450737
2.177383970975876
2.182502419948578
2.292092227935791
2.193835127949715
2.198920760989189
2.1853629469871523
2.1817960230112075
2.185211408019066
2.216046656012535
2.1887025591135023
2.1966002629995347
2.1787212510108946
2.184042129993439
2.1863185650110246
2.18034234893322
2.195889039993286
2.185090204000473
2.174638864994049
2.197265562057495
2.173055090069771
2.1728663049936294
2.237256303071976
2.201510729074478
2.198649595975876
2.1894378010034563
2.2235030990839006
2.23103381896019
2.18222481405735
2.1955168570280077
2.193379823088646
2.189984097003937
2.189537182092667
2.2207314449548723
2.1885077090263367
2.1930394999980924
2.1937902950048445
2.2048903200626375
2.1998007810115814
2.211882817983627
2.1958013920784
2.2513558329343795
2.1829077409505846
2.206287968993187
2.1835908259153367
2.2033874130249025
2.188281383037567
2.229586413025856
2.2049282339811325
2.1905245690345763
2.266667538046837
2.2015986679792405
2.1866463080644607
2.213279630899429
2.187617115020752
2.1861108759641645
2.2431816110610963
2.1941902920007705
2.181551265954971
2.205041083097458
2.1927656610012054
2.1870997730493547
2.2134080840349197
2.191644518017769
2.196184453010559
2.199451024055481
2.198510153055191
2.198347769021988
2.193191815018654
2.1865119860172273
2.1839980390071867
2.2175904589891435
2.184480702996254
2.193939253926277
2.180307361006737
2.2176593050956726
2.1852410099506376
2.1894708189964294
2.2250108040571215
2.1886470979452133
2.2146966350078583
2.183227786064148
2.195203225970268
2.187395010948181
2.1889535219669343
2.1970932980775832
2.1871998690366743
2.197063143014908
2.1792206469774245
2.208574207901955
2.1875523790121076
2.189070909976959
2.192219419002533
2.186792917013168
2.216113732099533
2.186174402952194
2.1784862990379334
2.195018224000931
2.1840190920829774
2.2234004809856414
2.204628981947899
2.19860516500473
2.200558261990547
2.1844827489852907
2.200035402059555
2.2022186280488967
2.1821957079172134
2.1889241091012956
2.181185472011566
2.19261091196537
2.1889333209991455
2.199790042042732
2.24372176194191
2.252023262023926
2.254598325967789
2.254032121062279
2.186032077074051
2.2085252610445023
2.1879804730415344
2.1943883739709853
2.205579545021057
2.22399309194088
2.1803230539560317
2.1752521690130235
2.186557942032814
2.1928972280025483
2.188572046995163
2.1779024399518967
2.1840959429740905
2.1935664100646974
2.2051839489936826
2.185715411067009
2.1980565800666807
2.1837494449615478
2.1866068459749224
2.192863063097
2.185285603046417
2.2051701580286025
2.1878266249895097
2.196090460062027
2.1831307550668715
2.187776085972786
2.195495973944664
2.1817703729867937
2.204811693072319
2.190407039999962
2.183769034028053
2.1977310119867326
2.182860095024109
2.195126899957657
2.1842377619743347
2.2065844329595565
2.1938833589553832
2.1909907439947127
2.200318766951561
2.191753968954086
2.220777603983879
2.20218183195591
2.179883110046387
2.2016410679817198
2.187373654007912
2.187431331038475
2.192983137011528
2.19576503098011
2.2261724289655684
2.209618115067482
2.1944583690166475
2.2053412330150604
2.1918197339773178
2.195068132996559
2.1994423699378967
2.1786858830451967
2.1882755460739136
2.2065651730298996
2.1936185590028763
2.1947261580228807
2.213247009038925
2.1866262739896776
2.187093966960907
2.215934255003929
2.1926885120868684
2.2201957310438156
2.187594303011894
2.1940948729515077
2.191661641955376
2.184409785032272
2.210750064969063
2.1937842720746996
2.198104817986488
2.1932473870515823
2.1935779210329054
2.1956746480464937
2.212348953962326
2.179392498970032
2.1957546260356904
2.1904814180135728
2.1917515909671783
2.2073180059194564
2.195001195073128
2.2071506190299988
2.197406308054924
2.18767038500309
2.204692124962807
2.1885242050886156
2.2080511310100555
2.1855322250127793
2.207791586995125
2.1778707070350647
2.1971771529912947
2.183706408023834
2.1914020869731905
2.187431028008461
2.2042177329063417
2.1797855060100555
2.21140546298027
2.185420786976814
2.188611557006836
2.1906566359996797
2.1923691000938414
2.204646077990532
2.199592409968376
2.177863520026207
2.2014301400184633
2.184147218942642
2.1907006390094756
2.2503759729862214
2.1891542319059374
2.1908214749097823
2.1843477948904035
2.2024602820873262
2.192958766937256
2.1854307609796524
2.2047727869749068
2.1837074550390243
2.19348442697525
2.1915457919836046
2.188212108016014
2.2092638900279997
2.1972555400133134
2.187042471885681
2.1989171040058135
2.204571370959282
2.1956514369249343
2.200674220085144
2.1874949868917466
2.191360350012779
2.2133952529430387
2.19851787006855
2.201018467903137
2.190509754061699
2.1937639449834823
2.210453662037849
2.1880757110118867
2.1903779709339144
2.215298084974289
2.1953129749298097
2.217630122065544
2.184285187959671
2.19478458404541
2.2081058019399644
2.198360689997673
2.210685975909233
2.1982343039512635
2.197626780986786
2.2660246839523315
2.1898183710575103
2.1871568970680237
2.18606115090847
2.208361827969551
2.1902602499723436
2.2093125940561293
2.192858074069023
2.1951749049425127
2.1861499010324477
2.201779237985611
2.182339317917824
2.2061780450344086
2.1840775640010834
2.1919375
2.2213876080513
2.1923370521068573
2.188049807906151
2.1855750379562378
2.1912152310609816
2.2107139559984206
2.1994477149248124
2.196291761994362
2.193532466053963
2.1869173560142516
2.213473640918732
2.1888099930286407
2.2034628249406816
2.187943982005119
2.219324110984802
2.1792986629009246
2.1936356509923933
2.20446284198761
2.1904562499523164
2.2967599129676817
2.19466980099678
2.2845672829151153
2.2014975800514223
2.1871873730421068
2.188527370929718
2.2022877869606017
2.2024235680103303
2.1962983700037
2.1963310039043424
2.1830129739046096
2.2153968509435655
2.1870484659671785
2.188208984017372
2.2076519800424577
2.188504140019417
2.1885821989774703
2.187676742076874
2.1979822520017622
2.193247713923454
2.1880034440755844
2.1971128129959108
2.1960277559757233
2.198351339936256
2.1931147569417955
2.1903371620178222
2.1985480189323425
2.1886504330635073
2.1997365299463274
2.187986809015274
2.1883300409317017
2.189873847961426
2.2020475829839707
2.1946725701093674
2.187811945080757
2.2457367839813234
2.198545719027519
2.18914865398407
2.1981508699655534
2.1905723519325258
2.1868223839998246
2.1947054480314256
2.1836299710273743
2.1984674179553987
2.184720054984093
2.2070808509588242
2.1963336520195007
2.1863418160676957
2.1888720170259477
2.2074001479148864
2.200711156964302
2.1982741879224776
2.1940130850076676
2.1876680109500883
2.198961170911789
2.2047691459655763
